alpha = -0.000347727325597
beta_1 = 0.828247156333
beta_2 = -0.0365484011161